net3 weight (Q1.7) as 8-bit two's complement binary
shape = [out_ch][in_ch][4][4]
each value is 8 bit: b7..b0

=== out_ch 0 === 
-- in_ch 0 -- 
00000010 11111101 11110101 11111110
11111101 00001010 11111000 11111010
11111110 11111100 00000010 00000100
11111101 00000110 00000110 00000011

=== out_ch 1 === 
-- in_ch 0 -- 
00000110 00000111 11111011 11111010
00001001 11111011 00000110 00000001
00000100 00000001 00001011 11110110
11111010 11111001 11111100 11111101

=== out_ch 2 === 
-- in_ch 0 -- 
11111100 11111001 11111000 11111111
00001011 11110100 00000000 00000110
11111100 00000000 00000110 00000000
00000011 00000010 00000111 00000011

=== out_ch 3 === 
-- in_ch 0 -- 
00000110 11111111 11111010 11111110
00000010 11111010 11110010 11110100
11111111 11111001 11111000 11111001
00000011 00000100 00000000 11110110

=== out_ch 4 === 
-- in_ch 0 -- 
00000110 11111010 00000011 11111110
00001000 00000011 11110011 11110110
11111001 00000001 00000100 11111000
11111111 00000111 00000111 11111111

=== out_ch 5 === 
-- in_ch 0 -- 
11111000 11110101 00000110 11111110
00000000 11111010 00000010 00001001
00001100 11111010 11110111 00000011
00000010 11111110 11110110 00000100

=== out_ch 6 === 
-- in_ch 0 -- 
00000100 00000111 11110110 11111111
00000000 11111010 00001000 11110101
11111001 11111001 11111111 00000001
11110101 11111000 11111011 11111001

=== out_ch 7 === 
-- in_ch 0 -- 
11111111 11111100 11111100 00000000
11111101 11101110 11111010 11111101
11111010 11101101 11101011 11110111
11111100 11110101 11110000 11111100

=== out_ch 8 === 
-- in_ch 0 -- 
11111011 11111011 11111011 11111011
11110100 11110000 11101111 11111010
11111001 11101111 11110110 11111111
00000000 11111001 11111110 00000100

=== out_ch 9 === 
-- in_ch 0 -- 
00000100 00000100 11110100 11111101
11111011 00000000 11111011 00000100
11110110 00000101 11111000 00000111
11111011 11111111 11111010 00000101

=== out_ch 10 === 
-- in_ch 0 -- 
00000011 00000111 00001010 00000111
00000100 00000011 00001000 00001001
00001011 00001000 00001011 00000110
00000110 00000100 00001000 00000010

=== out_ch 11 === 
-- in_ch 0 -- 
00000101 11111100 11111100 00000100
00000000 11110110 11110100 00000000
00001001 00000000 00000011 00000111
00000110 11111110 11111111 11111101

=== out_ch 12 === 
-- in_ch 0 -- 
00000000 00000010 00000000 00000110
00000000 11111100 00000111 00000011
11111011 00001001 00001001 00000100
00000001 11110111 11111101 11110100

=== out_ch 13 === 
-- in_ch 0 -- 
11111111 11110100 11111111 00000010
00000001 11111111 11111111 11111111
00001001 11111110 11110001 11111101
00001110 00000100 11111000 00001010

=== out_ch 14 === 
-- in_ch 0 -- 
11111110 00000001 00001111 11111111
11111100 11110111 11111101 11111100
11111110 00001011 11111100 11110110
11111111 00000010 11111110 11111110

=== out_ch 15 === 
-- in_ch 0 -- 
11111111 11110101 00001001 11111000
11111101 00000001 00000001 00000001
00000101 00010010 11111100 11111011
00000010 00000011 11111100 11111111

=== out_ch 16 === 
-- in_ch 0 -- 
11111011 11111111 11111111 00000110
11111010 11111011 11111010 00000100
00001010 11111010 11111011 11111100
00000000 00000001 00001000 00000001

=== out_ch 17 === 
-- in_ch 0 -- 
00000111 11111011 00000010 00000000
00000111 11110110 00000011 00001001
00000110 00000001 00000011 00000110
11111010 11111100 11111010 11111100

=== out_ch 18 === 
-- in_ch 0 -- 
00000011 00000001 00000001 00000011
00000100 00000011 00001101 00000101
00000100 00001001 00001011 00001000
00001011 00000100 00001011 00000111

=== out_ch 19 === 
-- in_ch 0 -- 
00000110 00000110 00000000 11111110
00000101 00001110 00000000 00001101
00000011 00000010 00000101 00000100
00001000 00000101 00001011 00001100

=== out_ch 20 === 
-- in_ch 0 -- 
00000100 00000001 11111111 00001010
11111100 00000011 11111110 11111111
00000010 11111111 00000000 00000110
00000000 00001011 00001000 00001001

=== out_ch 21 === 
-- in_ch 0 -- 
00001010 00000100 00001010 00001000
00001100 00001101 00000111 00000011
00000101 11111101 11111111 00000000
00000010 00000101 11111111 00000100

=== out_ch 22 === 
-- in_ch 0 -- 
11111111 00000010 11111001 00001010
11110111 11110111 11110001 00000111
11111111 11111100 11110100 11111100
11111000 11111110 00000000 00000000

=== out_ch 23 === 
-- in_ch 0 -- 
11111101 00000110 00000100 00000100
00000001 00000001 11111100 11111011
11111010 11111011 11111101 11111110
00000101 11111110 00000011 00000101

=== out_ch 24 === 
-- in_ch 0 -- 
00000100 11110110 11111111 11111110
11111111 00001000 11111010 11111010
00001110 00000000 00000000 11111111
00000010 00000100 00000011 00000011

=== out_ch 25 === 
-- in_ch 0 -- 
11111111 11111110 00000111 11111011
11111011 11111000 00000100 00001110
00000001 11110110 00000000 00000011
11111110 00001010 00000010 00000001

=== out_ch 26 === 
-- in_ch 0 -- 
11111011 11111111 00000100 00000111
11111000 11111100 11110010 00000000
11110010 11110111 00000010 11111001
00000000 11111101 11111101 00000001

=== out_ch 27 === 
-- in_ch 0 -- 
00000001 00000010 00000111 00001000
00000001 00001000 11111100 00000110
11111000 00001011 00000101 00001101
11111100 00000111 00000000 00000100

=== out_ch 28 === 
-- in_ch 0 -- 
00000111 00000011 00000101 00001001
00000110 00001000 00001011 00010010
11111101 00001011 00001001 00000110
00000001 00000000 00000000 00000100

=== out_ch 29 === 
-- in_ch 0 -- 
00001001 00000001 00000111 00000110
00000001 11110110 11111010 11110111
00000001 00000010 11110101 11111000
00001001 00000001 00000100 00001000

=== out_ch 30 === 
-- in_ch 0 -- 
00000011 00001011 11111111 11110110
00000001 00000110 00000000 11111111
11111010 00001001 00000100 11110101
00000100 00000100 00000110 11110111

=== out_ch 31 === 
-- in_ch 0 -- 
00000011 00001010 00000110 00000011
11111101 11110111 00001010 00000000
00000111 11111110 00000001 00001001
11111010 00000100 00000000 11111011

=== out_ch 32 === 
-- in_ch 0 -- 
00000001 11111000 11111010 00000011
11111101 11111011 11110110 11110011
11110111 11110111 11111010 11110110
11111001 11110011 11101101 11111010

=== out_ch 33 === 
-- in_ch 0 -- 
11111111 00000010 00000011 00000111
11111010 00001000 11111111 00001000
00000110 00000101 11111110 00000000
00000001 00000101 00000010 00000100

=== out_ch 34 === 
-- in_ch 0 -- 
11111110 11111011 00000110 00000000
00000011 11111001 00000111 00000000
00000000 00000010 11111001 11111100
00000000 00000000 00001101 11111100

=== out_ch 35 === 
-- in_ch 0 -- 
00000111 11111110 00001011 00000001
11111011 00001001 00000110 11111100
00000011 11111110 00001001 11111110
00000011 00000000 11111100 11111000

=== out_ch 36 === 
-- in_ch 0 -- 
11111101 11111101 11111110 11111101
00000101 00010000 00000000 00001000
11111110 00000111 00001110 00000110
00000101 00000010 00000011 00001000

=== out_ch 37 === 
-- in_ch 0 -- 
00000011 00001001 00001001 00001010
11111110 00000100 00001010 00000100
00000000 00000111 00010000 00001111
11111110 00000001 00001001 00000111

=== out_ch 38 === 
-- in_ch 0 -- 
11111101 11111100 00000001 11111010
00010010 11111111 00000011 11111011
11110110 11111111 00000001 11111110
11111010 11111000 11111110 11111100

=== out_ch 39 === 
-- in_ch 0 -- 
00000011 11111011 11111001 00000000
00000010 11110110 11111101 11111001
00001011 00000000 11111000 11110101
00000010 00000101 00000001 11111110

=== out_ch 40 === 
-- in_ch 0 -- 
00001011 11110110 11111000 00000100
00000010 00000011 11110101 00000010
11111110 00000111 11111101 11111011
00000100 00000100 00000101 00000110

=== out_ch 41 === 
-- in_ch 0 -- 
00000001 11111001 11110110 11111101
11111001 11101100 11110011 11110100
11110110 11101101 11101010 11110111
11111001 11110001 11110000 11111110

=== out_ch 42 === 
-- in_ch 0 -- 
00000000 11110111 11111010 00000100
00000011 11111011 11111001 11101101
11111011 11111001 11101111 11101110
00000000 00001101 11110101 11111011

=== out_ch 43 === 
-- in_ch 0 -- 
11111101 11111000 11111000 11111110
11111011 11111000 11101111 11111000
11111010 00000011 00000101 11111000
11111101 00000101 00000001 00000000

=== out_ch 44 === 
-- in_ch 0 -- 
11111001 00000101 11111110 00000111
11111101 11111110 00000110 00000111
11111110 00000001 11110100 11110111
00000111 00000111 00000110 11111100

=== out_ch 45 === 
-- in_ch 0 -- 
00001011 00001000 00001000 00000101
00000111 00000011 00001011 00001101
00001101 11111110 00000001 00000110
00000101 00001000 00000010 00000101

=== out_ch 46 === 
-- in_ch 0 -- 
11111010 00000000 11111111 00000010
11111000 11111001 00000110 00000111
11111110 00000001 11111100 11111110
11111100 00001001 00001000 00000100

=== out_ch 47 === 
-- in_ch 0 -- 
00000000 00001100 11111100 00001000
00000100 11111111 00000111 00000000
11111100 11111100 11111110 00000010
11110110 11111001 11111100 00000001

=== out_ch 48 === 
-- in_ch 0 -- 
00000000 00000101 00000000 11111110
11111111 11111010 00000100 00000011
11111101 11111100 00001001 00001000
11111000 00000010 11111111 00000101

=== out_ch 49 === 
-- in_ch 0 -- 
11111010 11111101 11111110 00000101
11111100 11111001 00000000 00000111
11111111 11101011 11110100 00000000
11110011 11111101 11111100 11111110

=== out_ch 50 === 
-- in_ch 0 -- 
11111101 11111100 00000010 00000010
11111111 00000000 00001101 11111011
00000011 11111001 00001010 11111100
11111111 11111110 11111001 11111100

=== out_ch 51 === 
-- in_ch 0 -- 
11111100 11111101 00000011 00000010
11111110 11111010 00000110 00000000
11111000 11111110 00000000 00000011
00000011 11111100 00001011 00001111

=== out_ch 52 === 
-- in_ch 0 -- 
00000010 11111010 11111110 11110010
11111100 11111010 11110110 11111100
00000001 11110101 11110110 11111111
11111101 11111100 00000000 00000011

=== out_ch 53 === 
-- in_ch 0 -- 
00000000 00000101 00000100 11111100
11111010 00000110 11111101 11110111
11111100 00000111 11111000 00000110
00000001 11111010 00000100 11111010

=== out_ch 54 === 
-- in_ch 0 -- 
00000101 00001011 11111111 00001001
00000100 11111001 11111111 00000110
11111101 00000000 11110101 11111010
11111111 00000000 11111101 00000000

=== out_ch 55 === 
-- in_ch 0 -- 
00000001 00000110 00000000 11110111
11111111 00000001 00001000 00000001
00000000 11111100 11111010 11111101
00001100 00001011 11111100 00000001

=== out_ch 56 === 
-- in_ch 0 -- 
11111000 11111101 00000111 00000111
00000000 00000011 11111111 11111100
11111110 11110101 00001000 00000011
11111100 00000110 00000111 11111000

=== out_ch 57 === 
-- in_ch 0 -- 
11111000 11110100 11110110 11110010
11111110 11110100 11101100 11110100
11110111 11110100 11110111 11110010
11111011 00000010 11111011 11111110

=== out_ch 58 === 
-- in_ch 0 -- 
11111100 11111110 11111101 11111110
00000100 11111001 11110101 11111100
11110010 00000111 11110000 11111111
11111101 11111011 11111110 00000000

=== out_ch 59 === 
-- in_ch 0 -- 
00000110 11111110 11111110 00000101
00000000 00000100 00000001 11111010
00000010 11111110 11111100 11111010
11111011 00000000 00001110 11111110

=== out_ch 60 === 
-- in_ch 0 -- 
00001011 00000101 11111111 11111111
00001001 11111101 11111000 11110101
00001000 11111100 11111110 00000010
00000010 00000010 11111111 00000011

=== out_ch 61 === 
-- in_ch 0 -- 
00000100 11110110 11111000 00000001
00000000 11111010 11111100 00000101
11111110 11111101 00000101 00001001
11111101 00000110 11111110 00000111

=== out_ch 62 === 
-- in_ch 0 -- 
11111100 00000101 00000111 00000001
00000011 00000101 11111011 00001011
00000100 00000110 00000101 11110110
11111111 11111000 00000000 11111100

=== out_ch 63 === 
-- in_ch 0 -- 
00000011 00000001 11110100 11111010
11111010 00000101 11111110 00000011
11111100 00001100 00001000 11111101
00000010 00000111 00000101 00000001

=== out_ch 64 === 
-- in_ch 0 -- 
11111101 11110100 11110111 11111101
11111101 11111011 11111110 11111111
11111011 11110100 11110110 11110111
11111011 11111101 11110111 11111100

=== out_ch 65 === 
-- in_ch 0 -- 
00000111 00001000 00011000 00001011
00000000 00001001 00001010 00001010
00000000 00001111 00001110 00010001
00000111 00000011 00000110 00000011

=== out_ch 66 === 
-- in_ch 0 -- 
00000101 00001000 00000001 11111011
00001010 11111100 11111011 00001001
11111110 00001011 11110111 11111111
00000010 00000111 00000100 00000101

=== out_ch 67 === 
-- in_ch 0 -- 
11111011 11110111 11110111 11111111
11110101 11110001 11111010 11111110
11111000 11110001 11110110 11111011
11110110 11111000 11111011 11111001

=== out_ch 68 === 
-- in_ch 0 -- 
00000111 00001100 00010011 00001001
00010001 00010000 00011000 00010101
00010001 00001111 00010110 00010011
00000000 00000001 00000010 00001101

=== out_ch 69 === 
-- in_ch 0 -- 
11110010 11110110 00000001 11111100
11110000 11101101 11111000 00000000
11111010 11110011 11111000 11111111
11111011 11111010 11111001 11111000

=== out_ch 70 === 
-- in_ch 0 -- 
00000000 00000111 00001001 00000101
11111110 11110101 11110101 00000000
00000111 11111011 11111000 11110001
11111111 11111110 11111111 11111110

=== out_ch 71 === 
-- in_ch 0 -- 
00001001 00000101 00001001 00000011
00001101 00000101 00001010 00000110
00000111 00001100 00000111 00000001
00000111 00000100 11111101 00000010

=== out_ch 72 === 
-- in_ch 0 -- 
00000010 11111011 00001010 00000110
11111111 00010000 00000010 00000100
00000100 00001010 11111101 11111111
11111010 00000001 11111101 11111110

=== out_ch 73 === 
-- in_ch 0 -- 
11111100 00000010 00001011 00001000
11111110 00000101 00001010 00001101
00001000 11111111 00000011 00000111
00000111 00000001 00000001 00000100

=== out_ch 74 === 
-- in_ch 0 -- 
11111110 00000001 11111000 11111001
00000001 11111010 11111001 11110111
00000010 11110010 11110000 11110001
11111010 11110100 11110001 11111100

=== out_ch 75 === 
-- in_ch 0 -- 
11111110 00000010 00000011 00000000
11111000 11110100 11111101 11111000
11111010 11111101 11110001 11110111
00000010 00000011 11111111 00000000

=== out_ch 76 === 
-- in_ch 0 -- 
00000111 00000111 00000011 00000011
00001010 00001001 00010001 00001010
00001000 00000111 00010000 00001001
00000111 00001001 00000111 00000111

=== out_ch 77 === 
-- in_ch 0 -- 
11111101 00001001 00001010 00001000
00000001 00001000 00001001 00001010
00000001 11111101 00000110 11111111
11111000 11111011 11111010 11111010

=== out_ch 78 === 
-- in_ch 0 -- 
00000101 00000000 00000010 11111111
00001111 11111110 11111100 11110111
11111010 00000011 00000010 00001001
00000111 11111110 11111111 00000110

=== out_ch 79 === 
-- in_ch 0 -- 
11111101 00000011 00001000 11111001
11111111 00001010 11111101 11111010
00000100 11111110 00000011 00000010
00001000 00000001 11111111 11110010

=== out_ch 80 === 
-- in_ch 0 -- 
00001000 00000111 00000101 11111101
00010011 00001100 00000101 11111110
00010011 00010000 00000011 11111110
00001011 00000111 00000011 11111100

=== out_ch 81 === 
-- in_ch 0 -- 
11111111 00000001 00001010 11111011
00000100 11111101 00000011 11111001
00001000 00010000 00000100 11111110
00000010 11110101 11111011 00000100

=== out_ch 82 === 
-- in_ch 0 -- 
00000010 11111101 11111001 11111111
00000011 11111100 11111101 11110100
00010000 00000010 00000100 00001100
00000010 00000110 00001000 00001010

=== out_ch 83 === 
-- in_ch 0 -- 
00000011 00000111 00000001 00000000
00000110 00001001 00000011 11111010
00000111 00000111 00000100 00000011
11111011 11111100 00000111 11111101

=== out_ch 84 === 
-- in_ch 0 -- 
11111111 00000101 11110100 11111010
11110111 00000101 11111101 11111101
00001100 00000010 11111110 00001001
00000010 00000100 11111001 00000001

=== out_ch 85 === 
-- in_ch 0 -- 
11111111 11111111 11111100 00000001
11110011 11111101 11110101 00000101
00000001 11111100 00001100 00000011
11111101 00000000 11111011 00000000

=== out_ch 86 === 
-- in_ch 0 -- 
00001000 00001000 00000010 00000001
00000010 00001100 00000110 00000011
00000111 00010000 00001100 00001011
00000001 00000101 00001001 00000100

=== out_ch 87 === 
-- in_ch 0 -- 
00000101 00000111 00001101 00000101
00001010 00001100 00001110 00001001
00000010 00001110 00001101 00001011
00000101 00000110 00001010 00000101

=== out_ch 88 === 
-- in_ch 0 -- 
11111011 11110100 11110000 11111010
11111001 11101101 11110001 11111011
11111000 11110111 11110111 11111001
11111110 11111100 00000111 00000010

=== out_ch 89 === 
-- in_ch 0 -- 
11111000 00000101 00000011 00001001
11111111 11111001 11111111 11111111
11111101 00001011 00000000 11111011
00001100 00000100 11111010 00000000

=== out_ch 90 === 
-- in_ch 0 -- 
11111111 00000001 00000010 00000001
00000011 11111100 00000110 00001010
11110111 11111111 00001010 00000111
00000001 00000110 00000101 11111100

=== out_ch 91 === 
-- in_ch 0 -- 
00000100 00001001 00000101 00001110
00000100 00000100 00000010 00001000
00001000 00000010 00000010 00001010
00000010 00000101 11111011 11111110

=== out_ch 92 === 
-- in_ch 0 -- 
11111100 00000111 00000000 00000100
00000011 00001010 00000010 11111011
11111110 00000000 11111110 11111101
11111100 11101101 11111100 00000111

=== out_ch 93 === 
-- in_ch 0 -- 
11111111 11110011 11111010 11111011
11110100 00000000 00000111 00000011
11111100 00000011 00000001 00000010
00000110 00001100 00000100 00000000

=== out_ch 94 === 
-- in_ch 0 -- 
00000000 11111111 00000101 00000011
11111010 00000100 00010001 11111101
00000110 00001100 00000101 00000100
00000100 11111111 11111110 11111001

=== out_ch 95 === 
-- in_ch 0 -- 
11111110 11111011 11110010 11111111
00000011 11111011 00000000 00000011
00000100 00000011 00000100 00001011
00000110 00001000 00000110 00000011

=== out_ch 96 === 
-- in_ch 0 -- 
00000101 00000001 00001100 11111111
11111011 11111100 11111011 00000100
11111010 11110011 11111011 00000111
00000101 00000001 11111011 00000011

=== out_ch 97 === 
-- in_ch 0 -- 
11111000 11111100 00000011 00001001
11110010 11101110 11111011 11111110
11111000 11111101 11111000 11111011
11111001 11111011 11111000 11111000

=== out_ch 98 === 
-- in_ch 0 -- 
11111100 00000010 11111110 00001001
11110111 11111110 11111100 11110111
11110111 11110111 00000100 11111010
00000000 00001001 00000010 00000011

=== out_ch 99 === 
-- in_ch 0 -- 
00000111 11111011 00000011 11111000
11111110 00001001 00000010 00000101
11111000 11111100 11111100 11111001
11111101 11110101 00000001 00000101

=== out_ch 100 === 
-- in_ch 0 -- 
00001100 00000010 00000011 11111110
00001111 00001000 00000110 00000000
00000100 00000011 00000001 00000111
00000001 00000000 00000000 00000100

=== out_ch 101 === 
-- in_ch 0 -- 
11111011 11111000 11111011 00000010
11111011 11100010 11110011 11111110
11111100 11111010 00000010 00000101
00000011 11111111 11111111 11111110

=== out_ch 102 === 
-- in_ch 0 -- 
11111101 00000001 11111111 00000011
00000010 00000011 11110001 00001000
00000100 11111100 00000011 11111001
11111111 11111111 11111111 00000010

=== out_ch 103 === 
-- in_ch 0 -- 
00000000 00000101 11111111 11111100
00000010 00000010 00000001 11110011
11111111 00000001 11101101 11101111
11111100 11111111 00000000 11111011

=== out_ch 104 === 
-- in_ch 0 -- 
00000000 00000111 00000001 11111111
00000011 00010011 00001110 11111011
11111100 00001001 00000100 00000110
00000101 00000110 00000010 00000010

=== out_ch 105 === 
-- in_ch 0 -- 
00000111 00000100 00000111 00000101
00001001 00001011 00001110 00001011
00000110 00001011 00001011 00000101
00000001 00001000 00001000 00000111

=== out_ch 106 === 
-- in_ch 0 -- 
00000000 00001101 00000011 00000101
11111001 11111100 11111011 11110110
00000100 11111001 11111100 00000101
11110110 00000111 11111100 00000110

=== out_ch 107 === 
-- in_ch 0 -- 
00000111 11111001 11111101 11111101
00000110 00000110 00000011 11111000
00000101 11111011 11111011 11111111
00001001 00000101 00000010 00000001

=== out_ch 108 === 
-- in_ch 0 -- 
11111010 11111001 11111001 11111100
11111000 11111010 11110111 11111010
11110110 11110101 11110110 00000001
00000001 11110111 11111100 11111010

=== out_ch 109 === 
-- in_ch 0 -- 
11111111 00000001 11111011 11111100
00000010 11101101 11101111 11111010
11111111 11110110 11110000 11111010
00000010 11111101 11110000 11111111

=== out_ch 110 === 
-- in_ch 0 -- 
00000001 11110110 11110011 11111001
11111110 00000010 11111001 11110111
00000000 11111111 11111101 11110010
11111001 11110011 00000011 00000000

=== out_ch 111 === 
-- in_ch 0 -- 
11111000 11111000 11111110 11111101
11111001 11110010 11111000 11111100
11111001 11111010 11110111 11111111
11110111 11110111 11111000 11111100

=== out_ch 112 === 
-- in_ch 0 -- 
11111001 11111000 11110111 11111101
11111001 11110010 11110110 11111000
11110000 11110111 11110111 11111010
11111000 11110110 11111101 11111110

=== out_ch 113 === 
-- in_ch 0 -- 
00000011 00000001 00000101 00000001
00001001 00001100 00001010 00001110
00000000 00000011 11111111 00001011
11111100 11111110 11110110 11111111

=== out_ch 114 === 
-- in_ch 0 -- 
11111110 11111110 11111000 11111010
11111011 11111110 11111001 11111011
11111011 11110010 11110001 00000001
11111100 00000001 11111110 11111011

=== out_ch 115 === 
-- in_ch 0 -- 
00000000 00000001 00000100 00000010
00000100 00000000 11111001 00000000
11110000 11110111 11101001 11111101
11111111 11111101 11111000 11111011

=== out_ch 116 === 
-- in_ch 0 -- 
00000011 00000101 00000000 00000001
11101111 11111101 11111100 00000010
11110011 11111101 00000111 00000001
00000001 00000001 00000011 11111100

=== out_ch 117 === 
-- in_ch 0 -- 
11111111 00000000 11111001 00000010
00000011 11110111 11110001 00001000
11111111 11111010 00001000 11111111
00000101 11111111 00001001 00000100

=== out_ch 118 === 
-- in_ch 0 -- 
00000001 00000000 00000010 00001100
11110001 00000111 11111111 00001111
11111010 11111101 11111011 00000011
11111101 00000010 00000001 11111011

=== out_ch 119 === 
-- in_ch 0 -- 
00000100 11111110 11111001 00000010
11111110 00000101 00001001 11111110
00001001 00000001 00000111 11111000
00001010 00001001 00000100 11111010

=== out_ch 120 === 
-- in_ch 0 -- 
00000000 00000011 00000100 00000010
11110111 00000101 00000011 00001000
11111010 00000100 00000000 00000010
00000001 11110101 00000000 00001010

=== out_ch 121 === 
-- in_ch 0 -- 
11111011 00000100 11111101 00001000
00000001 00000010 00000011 11111011
11111100 00001011 00000110 00000110
11110111 11111111 11111001 00000111

=== out_ch 122 === 
-- in_ch 0 -- 
00000001 11111100 11111001 11111100
00001001 00000101 11111011 00001101
00000101 00000001 00000100 00000001
00000111 00000010 00000110 11111010

=== out_ch 123 === 
-- in_ch 0 -- 
11111100 11111111 00000111 00000001
00000000 11110011 11111110 11111101
00000010 00000101 00001111 00000110
11111101 11111101 11111111 00000100

=== out_ch 124 === 
-- in_ch 0 -- 
00000000 11110110 11110101 00000010
00000101 00000000 00000110 00001000
00000011 00000011 11111100 00000101
11111001 00000010 00000100 11111110

=== out_ch 125 === 
-- in_ch 0 -- 
00000010 00000111 00000111 00000101
00001001 00001101 00001110 00000110
00001101 00001001 00001111 00000011
00001000 00001000 00001000 11111110

=== out_ch 126 === 
-- in_ch 0 -- 
00000101 11111001 00000000 00000000
11110100 11111100 11111110 11111101
11111100 11110000 11110011 00000000
11111111 11111010 11110101 11111110

=== out_ch 127 === 
-- in_ch 0 -- 
11111111 00000110 11110001 11110011
11111111 11111101 00000011 11101111
00000110 00000010 00000100 00000011
11111111 00000100 00000111 00000001

